P2
17 17
255
140 138 90 180 150 70 121 149 168 216 204 188 141 182 81 178 140 
82 25 42 105 171 138 169 71 86 103 219 145 195 147 66 113 95 
51 101 58 27 164 143 122 156 111 149 144 165 137 153 106 125 159 
13 70 4 42 60 98 128 108 106 143 141 201 187 212 109 202 206 
67 36 36 70 70 101 30 100 131 87 191 186 166 141 160 175 214 
60 129 0 33 111 74 20 77 89 131 125 82 52 79 113 193 184 
109 41 104 125 16 54 75 31 180 206 124 163 78 39 104 104 161 
84 67 83 49 98 97 16 40 175 161 194 186 87 51 162 196 214 
101 95 108 114 118 160 150 75 99 116 71 160 161 118 206 213 146 
124 87 74 134 119 54 206 163 164 83 134 144 175 181 135 196 169 
97 73 156 167 80 96 132 131 184 122 128 129 180 190 128 147 151 
131 121 104 158 67 96 186 163 223 133 137 201 153 98 54 76 143 
105 95 90 162 149 125 136 194 168 185 228 194 174 136 180 170 134 
122 41 102 70 167 171 88 180 206 184 178 195 235 216 255 218 155 
51 108 104 154 82 83 130 70 112 70 154 164 191 213 190 122 185 
121 165 169 138 99 152 96 133 146 73 114 89 237 196 152 188 202 
140 195 186 211 152 188 158 129 165 137 96 77 144 185 100 105 140 
