P2
65 65
255
109 102 123 161 141 159 153 94 126 141 138 176 139 157 97 123 104 68 72 52 136 116 103 77 117 68 135 94 112 96 164 149 123 151 117 98 119 146 83 52 74 112 97 68 41 36 69 111 81 54 83 119 76 96 133 90 146 93 124 146 99 83 91 84 99 
163 121 157 169 160 153 137 125 103 102 129 143 124 136 74 135 111 86 30 47 122 79 97 121 124 78 116 101 101 137 167 169 99 148 131 70 98 110 118 108 71 70 91 51 13 23 84 111 48 94 75 102 79 68 134 87 101 112 83 123 124 101 125 142 123 
140 123 151 120 147 126 127 93 138 84 81 79 138 65 81 74 113 105 69 47 122 112 117 94 63 91 56 115 147 112 142 131 99 69 121 65 144 163 136 135 59 56 51 28 35 85 66 100 51 45 114 99 94 91 73 98 111 133 120 139 79 77 133 125 144 
139 112 98 97 184 165 79 90 154 118 52 54 117 97 76 117 77 111 93 57 116 134 139 127 47 58 115 100 106 152 108 98 80 110 118 107 142 178 144 167 55 52 60 71 68 59 84 65 63 42 114 71 100 103 107 100 149 144 133 123 132 102 113 104 72 
106 81 94 138 114 80 106 83 124 99 110 150 100 108 68 108 73 83 116 142 104 162 138 152 69 61 28 0 72 130 135 130 155 167 148 156 140 191 175 175 122 81 110 97 72 39 51 79 82 94 133 142 88 118 111 145 159 157 104 111 134 110 82 54 70 
100 144 69 114 95 136 63 119 114 137 130 144 107 60 25 56 129 84 121 80 115 132 92 96 83 90 18 31 112 134 84 95 142 159 162 128 130 160 106 99 101 104 112 139 75 55 43 73 90 71 128 146 146 164 108 135 142 105 132 166 159 72 72 84 125 
121 130 118 109 96 101 89 147 185 154 167 150 137 117 76 104 108 75 52 70 111 102 104 122 78 50 51 100 75 68 117 101 157 130 112 107 157 145 121 124 149 120 140 116 104 65 93 98 107 125 126 147 145 108 150 123 107 113 145 160 143 94 72 88 112 
120 140 85 112 59 109 104 144 126 171 165 165 84 79 120 70 110 48 41 60 90 51 60 91 52 99 73 34 84 73 154 102 96 112 83 128 117 157 156 156 173 128 141 139 83 97 91 134 155 107 169 147 121 152 144 110 119 158 111 152 139 111 93 80 126 
123 119 125 126 162 147 135 92 136 168 158 173 129 185 148 143 101 109 97 162 135 120 79 108 82 60 86 62 112 124 87 143 93 84 103 126 80 118 149 121 147 185 157 87 105 151 147 98 128 109 167 162 109 134 82 108 138 144 159 157 136 170 149 99 102 
154 96 105 177 188 141 109 109 139 178 148 151 151 170 110 108 139 119 112 134 119 143 106 87 143 87 87 67 143 160 150 119 87 130 82 72 91 120 172 137 152 136 117 120 158 167 89 96 139 156 183 130 83 109 147 116 134 182 146 173 114 158 145 132 110 
127 97 131 106 143 129 182 113 103 111 159 174 104 140 147 155 131 126 137 143 139 110 93 133 135 91 102 61 148 104 143 157 60 105 132 105 113 88 134 84 105 148 150 116 155 122 118 142 182 146 169 161 158 120 117 112 144 111 127 114 125 139 94 70 115 
95 112 122 105 186 168 130 135 145 170 123 179 135 113 162 116 83 83 152 162 160 147 140 111 95 108 136 79 96 123 140 105 77 82 118 126 139 121 187 148 107 159 101 115 180 136 173 155 130 129 138 142 118 160 105 141 102 117 83 90 167 148 113 125 71 
134 162 143 128 168 181 182 168 103 109 139 174 148 120 132 158 118 155 157 92 116 111 136 127 118 58 79 71 69 86 56 135 83 142 123 103 113 86 129 131 130 121 151 146 137 109 89 38 134 120 144 163 139 171 118 147 162 211 159 153 149 127 144 84 86 
193 181 134 159 217 171 134 127 152 142 137 183 205 190 159 139 101 162 125 131 149 112 160 99 112 100 66 47 41 38 102 101 113 133 126 162 145 138 65 96 159 154 82 91 79 73 104 46 76 79 125 160 173 163 110 112 193 197 182 138 117 136 64 96 124 
177 145 167 161 190 189 151 123 144 122 122 119 166 175 150 106 117 138 134 151 145 130 116 123 82 126 105 69 43 84 79 101 87 150 143 158 89 119 90 133 116 77 76 107 109 138 88 96 76 107 117 178 129 193 164 135 171 164 169 177 106 74 76 39 86 
194 151 155 142 124 169 111 163 96 130 108 121 181 157 149 141 141 94 103 140 145 139 65 78 120 132 121 100 45 20 52 78 82 126 198 146 90 94 120 135 60 78 56 84 98 104 65 33 31 57 110 151 109 163 152 137 109 149 129 130 111 94 54 73 59 
175 187 169 190 151 77 121 128 123 136 173 204 161 189 166 133 147 146 135 106 105 89 123 158 111 139 99 118 127 115 160 87 126 139 158 185 154 78 98 94 115 146 95 69 122 106 117 123 85 77 54 117 66 46 78 62 94 80 119 101 143 183 163 166 120 
189 185 181 166 141 84 69 97 87 113 199 162 117 138 118 137 127 132 154 149 65 65 90 139 102 96 133 150 169 151 181 107 148 143 147 114 168 108 134 100 79 112 72 74 69 75 105 104 114 104 69 133 78 65 125 134 130 125 124 169 120 166 169 124 117 
128 186 176 133 86 88 102 95 144 172 135 157 138 160 129 114 135 138 105 74 57 40 83 100 142 169 144 80 130 167 150 147 154 176 98 102 169 127 107 118 112 80 93 72 103 131 78 137 129 123 122 133 112 128 130 99 119 105 116 171 131 165 156 153 95 
145 155 145 114 86 71 119 143 113 138 147 165 155 119 136 159 134 74 111 97 102 96 95 73 124 127 104 90 115 125 82 85 141 155 132 137 181 181 101 122 144 139 78 83 107 138 145 142 175 145 117 152 120 119 68 99 132 146 166 164 187 165 129 110 105 
126 115 119 139 107 148 164 147 142 143 101 117 136 153 120 187 137 127 106 98 93 93 44 19 153 127 113 153 122 111 84 146 112 156 152 159 139 168 136 124 132 182 184 163 135 155 138 100 126 183 159 182 137 103 60 95 100 120 95 123 137 152 107 85 111 
135 113 105 100 158 167 149 186 101 135 135 130 115 111 144 138 107 107 89 94 136 77 80 43 133 167 95 105 187 152 115 147 134 135 102 98 196 153 162 104 169 199 164 109 85 106 116 128 179 161 129 125 75 88 93 51 77 122 105 70 123 98 123 121 99 
114 138 109 172 131 152 139 112 139 98 105 148 160 122 126 173 123 95 152 135 141 143 79 115 121 114 134 141 158 171 133 92 127 149 101 101 181 214 169 134 153 145 162 120 99 97 158 105 158 114 112 101 94 84 82 28 124 64 74 102 161 157 125 145 138 
137 155 132 193 159 179 175 143 152 131 104 98 129 132 179 122 132 102 139 109 124 110 131 142 96 124 77 105 171 173 169 96 111 147 175 176 177 190 174 167 153 166 164 143 112 92 187 131 175 136 123 87 117 128 88 55 137 79 113 78 113 126 157 158 125 
146 122 167 126 126 135 122 178 158 84 109 107 127 176 172 195 142 163 115 68 104 96 79 141 111 158 140 180 145 169 164 163 157 139 159 162 138 134 124 162 147 165 128 147 152 156 130 118 116 132 142 150 84 133 144 150 108 117 140 137 101 61 92 117 94 
125 144 94 98 127 133 137 166 109 113 149 145 150 110 103 119 86 129 113 104 91 135 98 129 124 159 137 125 154 138 170 150 116 170 197 182 74 123 87 133 161 139 170 193 131 190 168 113 103 101 173 124 116 100 121 130 168 153 151 110 135 112 49 86 110 
185 140 116 163 134 124 118 153 154 185 149 175 137 140 127 135 103 88 116 85 91 132 143 109 125 145 92 91 149 120 161 170 114 165 143 126 90 142 121 91 167 150 194 181 150 171 164 116 122 116 143 131 138 168 112 100 134 137 103 55 78 74 80 130 93 
192 150 170 151 129 112 189 151 200 197 140 192 154 109 132 102 100 90 101 84 69 101 144 127 131 128 77 142 106 151 126 143 158 123 127 176 130 99 110 122 152 163 208 192 169 108 178 119 104 112 123 147 113 157 108 85 81 75 58 65 87 67 89 100 67 
180 179 166 159 157 143 165 172 156 144 161 161 162 116 170 119 161 176 164 123 130 80 63 114 111 114 113 95 120 152 97 72 163 101 112 94 119 136 181 198 175 197 182 103 135 100 107 80 98 122 111 95 128 125 71 71 73 121 101 103 80 115 64 73 61 
206 206 212 181 179 158 167 130 104 111 157 195 123 122 153 103 160 121 122 93 131 60 105 96 171 163 99 109 105 123 116 114 181 121 140 81 115 127 175 184 141 162 112 114 133 111 143 133 119 110 179 169 151 108 114 127 39 79 109 58 63 106 45 90 91 
153 178 175 182 155 133 153 165 118 126 128 96 162 172 145 105 178 203 136 105 132 126 84 73 119 144 155 106 161 165 105 101 176 136 128 122 110 146 143 172 201 163 141 147 99 137 131 132 83 133 142 140 156 148 128 161 94 69 97 120 90 76 67 60 115 
158 113 113 155 135 96 129 156 155 112 108 96 176 168 99 99 124 167 137 120 94 71 65 101 89 94 148 141 124 133 112 88 118 124 124 104 150 165 142 131 175 178 182 155 87 119 163 111 117 126 133 128 121 164 82 132 112 89 109 78 149 108 81 57 126 
145 92 129 164 193 145 146 134 158 154 171 208 165 107 125 104 160 93 108 159 132 120 120 151 134 188 132 149 104 73 93 135 122 67 100 104 170 140 177 133 157 118 165 170 143 132 154 142 110 113 167 164 149 166 154 146 104 95 153 158 95 102 95 85 103 
126 107 119 179 181 200 174 126 123 184 190 183 130 132 127 140 150 128 161 142 116 132 156 102 151 175 147 112 156 142 136 184 111 75 141 108 100 113 153 133 154 114 106 104 149 178 162 148 77 165 148 101 185 137 142 76 160 153 165 136 90 82 88 109 74 
142 159 139 148 214 206 195 143 145 137 165 160 148 109 135 124 97 119 122 152 133 157 146 152 190 182 128 150 171 208 170 165 124 83 89 102 113 86 134 193 125 88 113 95 161 169 141 168 84 142 143 161 152 166 107 133 113 160 138 68 93 55 71 125 84 
95 117 119 135 154 205 133 144 133 204 206 211 140 163 132 121 160 129 132 150 195 167 164 194 169 156 101 102 212 218 162 188 46 51 91 94 142 139 128 184 128 89 139 115 154 100 113 113 74 138 126 143 95 135 103 107 80 136 95 73 59 97 87 98 145 
136 140 144 168 166 148 180 153 164 109 160 164 139 93 128 87 133 152 174 165 184 127 171 200 190 153 153 200 166 155 161 194 87 147 141 90 107 163 131 108 159 104 65 44 83 66 39 15 82 55 94 150 107 67 62 122 119 120 117 118 69 133 110 68 128 
101 144 188 139 212 215 189 196 141 129 174 126 96 132 105 71 185 180 179 193 137 145 216 182 154 155 136 174 168 203 147 173 81 142 91 96 125 170 137 123 121 123 88 59 49 50 7 55 90 82 148 143 109 94 101 124 102 70 83 56 57 135 142 77 103 
136 91 160 157 160 193 183 198 162 120 159 134 92 118 104 125 168 163 138 120 204 209 187 188 164 121 146 117 157 196 202 196 112 106 122 126 133 144 172 198 112 106 67 117 75 55 55 43 119 157 121 120 96 76 81 83 114 61 94 124 85 70 113 118 80 
133 102 158 143 194 166 163 136 160 110 105 98 110 65 103 95 178 130 124 104 140 149 227 181 118 131 171 131 163 157 211 190 147 127 121 127 118 103 149 176 145 151 103 84 55 94 57 60 123 113 94 123 113 59 113 67 68 62 52 120 93 106 153 150 128 
97 100 126 170 149 128 140 127 140 188 171 119 108 131 148 156 118 173 190 181 176 165 168 149 157 125 140 136 174 156 196 184 146 174 181 115 158 192 141 114 129 152 100 114 122 119 80 65 102 113 133 104 120 132 89 78 120 83 130 69 90 137 131 153 103 
135 141 95 139 175 191 103 121 191 179 153 123 96 163 179 149 119 147 133 129 199 127 128 183 202 169 130 194 225 177 163 170 150 119 146 119 130 162 117 112 158 151 138 126 79 94 105 98 72 95 111 101 148 124 79 85 70 100 139 72 92 84 133 111 74 
101 89 97 140 182 180 165 194 190 187 160 143 126 91 153 106 163 141 161 184 195 136 134 170 192 158 144 138 203 145 176 141 146 121 157 126 126 111 134 127 113 142 133 133 76 61 94 117 98 126 104 96 89 115 129 84 92 57 94 85 90 136 108 95 129 
142 105 156 166 137 163 200 177 175 186 138 105 88 83 114 136 102 119 199 171 163 155 172 202 170 154 156 197 203 133 111 151 113 149 181 136 104 103 104 78 92 141 151 112 66 73 96 106 101 64 95 48 55 91 103 77 109 106 124 124 102 133 149 147 136 
93 60 125 87 134 183 167 167 152 141 153 115 111 85 69 78 109 76 121 156 171 130 172 198 175 160 192 208 151 161 108 86 149 166 166 177 133 134 125 112 141 154 166 124 104 100 135 127 73 37 100 139 101 127 127 140 135 173 138 104 69 41 65 86 110 
65 88 129 116 106 169 153 169 149 139 175 131 89 128 114 56 108 91 110 141 190 156 206 146 174 154 146 155 180 174 135 119 136 178 130 136 136 118 147 112 144 128 126 169 86 126 147 143 47 59 122 114 158 169 126 89 116 159 144 87 95 105 109 76 111 
94 130 103 65 124 148 133 161 164 169 184 184 102 79 92 74 96 157 163 168 175 165 186 128 163 181 126 176 142 126 149 166 178 155 127 142 102 100 97 118 101 143 155 153 94 119 116 120 85 126 96 99 165 120 152 114 101 91 139 127 68 40 90 41 60 
125 120 67 79 74 83 91 115 201 183 158 159 104 78 126 118 101 106 151 141 211 166 180 184 189 162 160 175 128 162 112 142 124 106 124 130 150 153 74 102 81 115 108 148 100 143 137 82 59 85 102 114 88 110 183 151 123 117 110 95 106 82 89 80 94 
119 123 119 120 128 89 105 112 107 79 91 110 141 97 120 101 137 119 109 148 125 162 130 154 161 125 102 133 145 110 156 164 132 150 168 210 182 149 149 121 150 142 169 144 166 105 114 101 115 107 74 97 51 43 46 29 77 45 76 87 95 54 83 65 86 
113 72 63 92 157 145 82 49 113 143 135 171 134 91 108 90 134 166 128 187 203 170 168 115 81 81 71 85 133 125 110 147 125 132 128 177 227 194 106 117 171 150 196 183 179 127 182 160 67 100 65 61 52 54 68 39 88 61 75 112 109 39 110 107 121 
96 117 93 72 151 141 75 24 139 120 146 132 150 113 96 134 141 195 187 195 195 196 187 142 100 81 104 133 95 90 142 170 115 136 138 102 208 202 177 101 125 113 141 125 212 212 169 206 86 56 78 83 34 13 67 86 58 106 118 164 78 68 60 51 51 
115 89 81 115 166 107 104 42 189 163 168 146 107 108 119 130 161 171 169 167 198 162 215 168 86 116 104 135 90 85 105 134 112 118 152 131 200 159 188 122 195 170 155 190 155 184 201 208 81 108 98 38 14 47 47 65 95 106 109 153 100 78 124 107 120 
142 110 126 108 124 118 99 87 167 118 108 132 154 138 148 87 198 156 153 151 170 179 204 209 156 169 114 152 108 95 99 136 171 159 146 114 151 96 113 134 189 211 194 174 175 190 131 115 131 137 92 113 84 63 88 83 99 152 140 158 89 137 97 68 115 
146 168 151 98 128 128 132 128 124 114 165 145 172 169 122 105 199 204 134 199 204 177 168 185 121 113 129 151 124 133 77 125 179 203 118 132 150 124 153 138 143 188 203 229 161 168 149 156 91 113 88 110 110 70 76 124 155 125 93 126 105 128 74 104 151 
111 168 166 189 155 165 96 77 124 89 117 117 121 74 117 139 168 134 170 131 174 123 130 155 111 81 136 101 114 151 127 167 165 152 166 86 144 196 178 185 142 127 184 185 143 143 167 164 121 136 147 121 97 124 129 131 135 98 116 125 87 152 147 129 110 
137 150 165 155 191 164 101 108 157 101 166 114 119 95 127 175 201 176 174 187 159 105 169 169 80 112 128 80 120 113 146 122 182 180 159 100 157 140 189 166 166 139 173 230 130 142 129 151 103 163 102 149 131 107 137 99 134 163 99 67 109 154 194 166 163 
150 102 101 69 110 163 167 165 132 150 125 71 104 105 144 188 177 201 187 135 168 149 135 110 119 84 58 47 91 84 105 120 147 125 138 102 123 118 113 140 166 141 182 154 181 122 177 221 92 107 165 156 160 200 165 131 117 120 125 164 135 136 99 130 131 
146 98 87 95 120 135 177 101 130 139 81 98 111 148 115 143 191 181 162 128 172 117 180 117 93 122 33 92 122 99 100 111 170 134 117 141 124 155 156 118 150 160 195 127 161 134 178 188 78 152 123 158 146 174 208 186 116 122 103 150 97 90 138 131 84 
100 98 82 107 117 121 134 116 139 92 137 184 116 95 111 128 213 146 147 117 144 122 166 106 132 141 72 56 75 58 102 76 174 163 153 197 143 117 127 90 148 140 166 188 167 165 171 147 94 76 122 110 150 154 154 155 138 173 111 180 162 132 131 134 119 
110 113 147 115 142 122 71 96 114 97 135 164 105 84 146 156 204 180 186 146 170 160 135 114 147 122 67 80 103 72 58 49 174 136 121 181 87 101 72 84 167 144 126 190 180 154 170 162 121 132 162 98 174 116 130 119 114 155 94 164 174 119 147 117 141 
84 105 109 119 84 108 121 120 127 120 134 109 129 98 93 149 190 177 191 178 137 119 80 114 133 117 128 86 93 96 118 67 178 180 176 117 120 162 161 171 134 173 144 126 161 173 223 221 96 133 132 101 155 164 178 166 137 96 145 187 173 161 170 111 110 
62 115 113 139 114 58 87 97 144 188 140 165 151 85 126 103 204 216 133 134 114 103 146 139 150 112 118 72 117 82 131 60 135 106 94 111 142 154 131 189 105 150 197 168 170 205 190 187 92 85 152 107 155 173 167 138 178 115 100 119 101 132 108 127 89 
100 98 77 102 88 65 69 45 176 120 145 137 144 119 113 165 157 161 160 177 83 76 98 134 125 87 71 119 100 72 97 95 132 129 105 93 127 134 119 138 135 160 156 194 213 255 214 231 104 147 136 127 122 164 133 132 161 161 145 124 108 80 130 132 115 
107 69 110 126 136 69 93 95 124 164 129 170 90 100 89 152 125 169 172 163 77 139 123 119 104 68 119 117 91 87 113 115 128 168 156 110 109 125 123 187 137 175 196 211 180 230 183 204 168 141 196 208 194 172 152 171 115 124 164 167 113 80 160 99 134 
90 133 123 94 124 99 144 134 132 143 157 170 125 87 103 174 155 183 107 138 128 90 127 143 103 130 100 80 121 93 85 117 140 125 150 150 119 121 157 129 142 173 182 201 197 169 197 183 161 177 182 178 184 155 163 148 163 170 166 184 127 81 126 153 110 
