P2
33 33
255
94 68 109 105 55 79 31 127 90 166 127 111 108 67 79 156 121 127 163 138 173 195 203 140 136 117 162 91 83 108 94 69 91 
63 82 69 85 67 6 85 115 76 136 149 107 63 84 81 128 105 122 178 195 214 201 242 166 180 132 133 102 169 110 155 106 78 
144 170 101 93 64 33 42 48 118 141 128 128 77 110 73 119 117 164 141 158 153 232 202 243 168 149 157 126 165 218 169 135 174 
125 124 80 52 98 78 93 115 145 67 85 92 82 54 98 84 152 105 206 190 211 211 231 209 161 132 173 175 192 162 174 187 197 
120 79 101 56 121 89 68 84 98 66 46 88 70 132 156 174 179 197 205 163 173 221 175 137 143 76 132 178 141 160 117 151 156 
28 45 90 50 91 56 43 52 29 14 40 79 132 108 121 139 199 179 165 151 197 168 114 149 132 109 160 111 123 124 84 93 127 
60 75 58 54 68 35 35 83 63 2 50 69 96 179 151 146 177 179 133 103 174 129 133 147 103 203 173 222 91 97 105 169 162 
83 68 90 118 92 22 107 119 16 37 79 112 57 143 188 190 117 99 146 97 127 108 113 165 128 185 190 160 95 150 126 112 97 
72 50 66 87 116 50 54 79 87 108 119 149 103 130 159 91 158 172 198 232 177 126 129 150 143 96 107 117 78 40 97 134 97 
160 146 50 98 93 70 48 109 56 131 117 108 101 137 83 106 217 198 171 185 105 130 160 116 147 158 103 100 19 43 30 88 92 
112 127 139 166 94 108 100 109 73 122 110 145 156 124 108 88 196 228 200 232 136 97 115 102 123 139 126 89 74 67 64 136 113 
113 47 105 167 152 140 47 77 138 119 120 156 134 99 81 102 158 138 202 194 87 107 77 129 145 143 98 152 30 46 151 119 114 
68 92 53 53 126 103 163 109 132 169 178 140 110 183 187 160 141 206 175 138 147 118 126 136 71 157 132 157 101 64 49 81 60 
104 88 124 109 128 114 123 140 157 98 129 170 155 203 153 148 197 182 119 155 80 118 131 67 119 126 152 120 136 126 91 106 45 
62 92 76 49 102 160 150 127 132 128 158 106 166 139 177 218 144 138 133 124 122 86 66 82 95 69 110 89 65 18 101 13 36 
41 54 82 109 108 102 189 150 184 171 179 159 111 193 214 148 98 145 70 117 108 54 90 83 56 81 86 72 74 31 102 23 35 
133 143 127 109 142 126 101 138 82 40 77 53 69 61 71 106 116 195 167 102 94 71 37 82 67 67 86 53 96 164 127 105 77 
104 125 96 86 133 146 90 89 135 102 116 56 157 143 135 161 110 178 201 182 129 105 15 50 62 135 113 83 162 136 39 60 109 
142 107 135 119 102 117 37 25 110 126 110 93 153 169 168 131 120 83 141 103 61 21 24 63 102 99 145 173 148 111 70 37 96 
67 72 114 120 68 122 17 77 179 142 79 173 146 142 143 139 144 119 115 165 11 47 65 85 157 108 63 114 156 171 62 76 63 
87 93 120 99 65 28 71 59 132 113 153 121 160 212 189 174 112 142 98 105 63 66 46 32 102 94 119 137 126 125 95 117 149 
87 127 125 143 82 83 79 87 121 128 153 147 179 238 218 141 130 82 121 127 24 93 16 41 35 70 135 72 77 77 94 135 125 
73 69 117 70 66 81 112 122 120 126 168 125 212 163 190 125 159 90 98 43 42 128 115 115 78 46 77 74 142 99 118 84 102 
78 95 82 36 59 107 124 50 146 168 137 177 167 160 197 137 152 149 81 80 95 116 101 161 81 106 13 58 109 69 69 135 118 
75 31 39 100 99 61 99 141 107 43 53 45 99 95 131 140 138 190 128 114 90 109 99 120 96 160 103 29 75 96 61 43 95 
56 81 118 106 80 133 80 123 140 125 74 123 134 149 145 160 178 167 156 165 71 130 60 79 115 130 116 41 25 23 95 110 117 
45 15 88 145 132 176 139 94 126 94 71 100 100 102 156 159 164 178 149 69 135 81 126 146 105 100 71 89 61 114 62 88 109 
38 33 112 127 194 184 139 150 116 146 150 144 156 129 152 152 116 179 159 107 162 109 122 105 94 83 7 25 17 91 18 65 25 
66 118 141 92 133 198 173 216 100 87 90 138 162 169 204 130 97 108 168 154 128 110 48 89 88 128 76 129 56 36 26 74 29 
64 94 167 114 140 142 154 171 165 115 148 96 203 182 217 158 141 110 207 186 90 66 100 76 116 97 106 129 0 13 91 74 64 
31 67 89 134 190 223 201 233 135 147 130 101 209 245 191 133 128 106 118 160 111 124 69 46 69 70 69 82 65 105 105 75 65 
112 76 48 92 161 231 255 228 172 155 97 97 190 209 119 132 118 168 136 163 109 128 95 74 76 104 81 121 87 80 156 113 115 
94 36 81 100 170 212 197 152 142 178 112 92 138 205 153 129 147 114 101 133 162 169 78 117 80 44 44 147 127 117 153 144 89 
